    1985.0            WMM-1985
  1	 0	-29879.8		0.0			21.9		0.0
  1	 1	-1903.3		5490.5		10.6		-31.5
  2	 0	-2070.6		0.0			-11.2		0.0
  2	 1	3040.8		-2189.1		1.8			-9.7
  2	 2	1696.7		-312.0		9.3			-19.9
  3	 0	1303.9		0.0			8.3			0.0
  3	 1	-2203		-310.3		-2.0		6.1
  3	 2	1241.7		282.6		-0.6		1.3
  3	 3	839.4		-299.2		2.4			-13.0
  4	 0	933.8		0.0			-1.2		0.0
  4	 1	781.8		227.2		0.1			1.3
  4	 2	359.0		-246.7		-9.7		3.6
  4	 3	-424.5		72.5		-1.7		2.5
  4	 4	164.5		-299.1		-9.3		0.6
  5	 0	-216.4		0.0			1.4			0.0
  5	 1	353.0		43.4		-0.5		-0.9
  5	 2	254.3		148.2		-1.2		0.6
  5	 3	-93.7		-154.8		-2.2		0.3
  5	 4	-157.5		-71.8		0.9			2.4
  5	 5	-45.2		91.5		0.0			-1.4
  6	 0	53.2		0.0			3.1			0.0
  6	 1	63.8		-12.3		0.0			0.7
  6	 2	51.3		87.9		1.8			-2.1
  6	 3	-188.4		67.8		-0.2		-1.4
  6	 4	3.3			-51.1		-0.4		-4.3
  6	 5	20.3		-4.0		2.4			-0.7
  6	 6	-101.7		20.8		1.8			0.0
  7	 0	76.9		0.0			-0.1		0.0
  7	 1	-60.7		-80.1		-0.8		0.0
  7	 2	0.7			-25.9		-1.2		1.2
  7	 3	25.4		-0.9		1.1			2.0
  7	 4	-8.1		21.6		0.0			2.6
  7	 5	6.9			18.5		0.6			0.9
  7	 6	7.0			-20.0		-1.8		0.8
  7	 7	-4.4		-7.7		-1.2		0.4
  8	 0	18.4 		0.0			0.2			0.0
  8	 1	5.1			3.8			0.0			-0.6
  8	 2	1.2			-20.2		0.7			-1.5
  8	 3	-12.0		5.0			0.1			0.1
  8	 4	-9.1		-24.2		0.2			-1.1
  8	 5	0.1			12.2		-0.3		0.4
  8	 6	4.7			7.6			-0.1		-2.0
  8	 7	6.5			-16.3		0.2			0.9
  8	 8	-9.5		-10.9		-2.2		1.5
  9	 0	5.7			0.0			0.0			0.0
  9	 1	10.9		-20.8		0.0			0.0
  9	 2	0.9			15.8		0.0			0.0
  9	 3	-12.2		9.0			0.0			0.0
  9	 4	9.5			-5.0		0.0			0.0
  9	 5	-3.3		-6.4		0.0			0.0
  9	 6	-1.0		9.1			0.0			0.0
  9	 7	6.5			9.9			0.0			0.0
  9	 8	1.5			-5.8		0.0			0.0
  9	 9	-4.8		2.3			0.0			0.0
 10	 0	-3.4		0.0			0.0			0.0
 10	 1	-4.7		1.2			0.0			0.0
 10	 2	2.5			0.4			0.0			0.0
 10	 3	-5.5		2.5			0.0			0.0
 10	 4	-2.1		5.6			0.0			0.0
 10	 5	4.6			-4.4		0.0			0.0
 10	 6	3.2			-0.5		0.0			0.0
 10	 7	0.6			-1.6		0.0			0.0
 10	 8	1.9			3.7			0.0			0.0
 10	 9	2.8			-0.5		0.0			0.0
 10	10	-0.2		-6.1		0.0			0.0
 11	 0	2.3			0.0			0.0			0.0
 11	 1	-0.8		1.3			0.0			0.0
 11	 2	-2.0		2.0			0.0			0.0
 11	 3	2.1			-1.1		0.0			0.0
 11	 4	0.2			-2.8		0.0			0.0
 11	 5	-0.4		0.7			0.0			0.0
 11	 6	-0.4		-0.1		0.0			0.0
 11	 7	1.6			-2.4		0.0			0.0
 11	 8	1.5			-0.4		0.0			0.0
 11	 9	-0.7		-1.5		0.0			0.0
 11	10	2.3			-1.5		0.0			0.0
 11	11	3.5			0.7			0.0			0.0
 12	 0	-1.8		0.0			0.0			0.0
 12	 1	0.0			0.3			0.0			0.0
 12	 2	0.1			0.6			0.0			0.0
 12	 3	-0.3		2.5			0.0			0.0
 12	 4	0.5			-1.7		0.0			0.0
 12	 5	0.5			0.3			0.0			0.0
 12	 6	-0.6		0.2			0.0			0.0
 12	 7	-0.4		-0.1		0.0			0.0
 12	 8	0.0			0.1			0.0			0.0
 12	 9	-0.5		0.1			0.0			0.0
 12	10	0.0			-1.4		0.0			0.0
 12	11	0.7			0.4			0.0			0.0
 12	12	-0.2		0.7			0.0			0.0
999999999999999999999999999999999999999999999999
999999999999999999999999999999999999999999999999
