    1990.0            WMM-1990          1/1/89              
  1	 0	-29700.5		0.0			16.0		0.0
  1	 1	-1851.7		5407.2		9.3			-13.8
  2	 0	-2134.3		0.0			-11.7		0.0
  2	 1	3062.2		-2278.3		3.7			-12.8
  2	 2	1691.9		-384.3		1.8			-14.9
  3	 0	1312.9		0.0			2.1			0.0
  3	 1	-2244.7		-284.9		-7.6		3.1
  3	 2	1246.8		291.7		0.0			0.8
  3	 3	808.6		-352.4		-5.8		-11.3
  4	 0	933.5		0.0			-0.8		0.0
  4	 1	784.9		249.4		1.0			3.3
  4	 2	323.5		-232.7		-7.4		3.7
  4	 3	-421.7		91.3		0.8			2.8
  4	 4	139.2		-296.5		-6.4		0.0
  5	 0	-208.3		0.0			1.7			0.0
  5	 1	352.2		40.8		0.0			0.0
  5	 2	246.5		148.7		0.0			-2.1
  5	 3	-110.8		-154.6		-2.7		1.2
  5	 4	-162.3		-67.6		0.0			1.2
  5	 5	-37.2		97.4		3.0			0.6
  6	 0	59.0		0.0			0.8			0.0
  6	 1	63.7		-14.7		0.0			-0.6
  6	 2	60.0		82.2		1.5			-0.6
  6	 3	-181.3		70.0		0.0			0.0
  6	 4	0.4			-56.2		0.0			-2.3
  6	 5	15.4		-1.4		0.0			0.0
  6	 6	-96.0		24.6		0.0			0.0
  7	 0	76.1		0.0			0.5			0.0
  7	 1	-62.1		-78.6		0.0			0.6
  7	 2	1.3			-26.7		-0.9		0.8
  7	 3	30.2		0.1			l.5			0.0
  7	 4	4.7			19.9		2.7			0.0
  7	 5	7.9			17.9		-1.0		0.0
  7	 6	10.1		-21.5		0.0			0.4
  7	 7	1.9			-6.8		0.0			0.0
  8	 0	22.9 		0.0			0.0			0.0
  8	 1	2.3			9.7			-1.1		0.4
  8	 2	-1.2		-19.3		0.0			-0.8
  8	 3	-11.7		6.6			0.0			0.5
  8	 4	-17.5		-20.1		-2.1		0.3
  8	 5	2.2			13.4		0.0			0.5
  8	 6	5.7			9.8			1.0			0.0
  8	 7	3.0			-19.0		0.0			-0.7
  8	 8	-7.0		-9.1		0.0			0.0
  9	 0	3.6			0.0			0.0			0.0
  9	 1	9.5			-21.9		0.0			0.0
  9	 2	-0.9		14.3		0.0			0.0
  9	 3	-10.7		9.5			0.0			0.0
  9	 4	10.7		-6.7		0.0			0.0
  9	 5	-3.2		-6.4		0.0			0.0
  9	 6	-1.4		9.1			0.0			0.0
  9	 7	6.3			8.9			0.0			0.0
  9	 8	0.8			-8.0		0.0			0.0
  9	 9	-5.5		2.1			0.0			0.0
 10	 0	-3.3		0.0			0.0			0.0
 10	 1	-2.6		2.6			0.0			0.0
 10	 2	4.5			1.2			0.0			0.0
 10	 3	-5.6		2.6			0.0			0.0
 10	 4	-3.6		5.7			0.0			0.0
 10	 5	3.9			-4.0		0.0			0.0
 10	 6	3.2			-0.4		0.0			0.0
 10	 7	1.7			-1.7		0.0			0.0
 10	 8	3.0			3.8			0.0			0.0
 10	 9	3.7			-0.8		0.0			0.0
 10	10	0.7			-6.5		0.0			0.0
 11	 0	1.3			0.0			0.0			0.0
 11	 1	-1.4		0.0			0.0			0.0
 11	 2	-2.5		1.0			0.0			0.0
 11	 3	3.2			-1.6		0.0			0.0
 11	 4	0.2			-2.2		0.0			0.0
 11	 5	-1.1		1.1			0.0			0.0
 11	 6	0.3			-0.7		0.0			0.0
 11	 7	-0.3		-1.7		0.0			0.0
 11	 8	0.9			-1.5		0.0			0.0
 11	 9	-1.1		-1.3		0.0			0.0
 11	10	2.4			-1.1		0.0			0.0
 11	11	3.0			0.6			0.0			0.0
 12	 0	-1.3		0.0			0.0			0.0
 12	 1	0.1			0.7			0.0			0.0
 12	 2	0.5			7.0			0.0			0.0
 12	 3	0.7			1.3			0.0			0.0
 12	 4	0.4			-1.5		0.0			0.0
 12	 5	-0.2		0.3			0.0			0.0
 12	 6	-1.1		0.2			0.0			0.0
 12	 7	0.9			-1.1		0.0			0.0
 12	 8	-0.6		1.2			0.0			0.0
 12	 9	0.8			-0.2		0.0			0.0
 12	10	0.2			-1.3		0.0			0.0
 12	11	0.4			0.6			0.0			0.0
 12	12	0.2			6.0			0.0			0.0
999999999999999999999999999999999999999999999999
999999999999999999999999999999999999999999999999
